iberian_coast={
	location=1342 
	color={
		193 67 0
	}
	#inland=yes
	
	members={
		138 139 145 146 142 144 147 149 150 151 152 156 157 159 164 209 210 215 246 248 247 249 250 251 253 252 254 160 161 162 163 517 518 519 554 557 559 562 567 568 575 
	}
}
ligurian_coast={
	location=1352
	color={
		40 145 56
	}
	#inland=yes
	
	members={
		 255 390 389 387 386 368 369 367 366 365 94 92 91 90 79 75 120 70 73 69 125 126 132 127 121 122 123 124 67 52 51 48 256
	}
}
atlantic_coast={
	location=1338
	color={
		98 52 145
	}
	#inland=yes
	
	members={
		 135 136 140 141 143 148 170 171 172 133 134 173 174 175 176 177 191 196 195 199 515 516 523 524 525 530 533 534 532 535 537 631 632 549 548 547 693 925 924 1337 1308 1309 
	}
}